Lab0

ans_1a1 =

    1.0323


ans_1b =

   -0.6459


ans_1c =

    0.6781


ans_2a1 =

   20.0855


ans_2a2 =

     3


ans_2a3 =

    1.3029


ans_2a4 =

     5


ans_2b =

   2.6254e+17


ans_2b1 =

    2.5789


ans_3a1 =

    0.5000


ans_3a2 =

    -1


ans_3a3 =

   1.6331e+16


ans_3b =

     1


y =

     0


ans_4a =

  -0.8000 + 0.6000i


ans_4b =

   0.7071 + 0.7071i


ans_4c1 =

   0.0000 + 1.0000i


ans_4c2 =

   0.0000 - 1.0000i


m =

    0.5000


c =

    -2


x =

         0    1.5000    3.0000    4.0000    5.0000    7.0000    9.0000   10.0000


form_sLine =

   -2.0000   -1.2500   -0.5000         0    0.5000    1.5000    2.5000    3.0000


t =

     1     2     3     4     5     6     7     8     9    10


x1 =

    0.8415    1.8186    0.4234   -3.0272   -4.7946   -1.6765    4.5989    7.9149    3.7091   -5.4402


y1 =

         0    0.3333    0.5000    0.6000    0.6667    0.7143    0.7500    0.7778    0.8000    0.8182


z =

    0.8415   -0.1892    0.0458   -0.0180   -0.0053   -0.0275   -0.0195    0.0144   -0.0078   -0.0051


r =

     2


theta =

         0    0.7854    1.5708    2.3562    3.1416    3.9270


x2 =

    2.0000    1.4142    0.0000   -1.4142   -2.0000   -1.4142


y2 =

         0    1.4142    2.0000    1.4142    0.0000   -1.4142


r1 =

     2     2     2     2     2     2

radius is constant 

n =

     1     2     3     4     5     6     7     8     9    10    11


r3 =

    0.1000


x3 =

  Columns 1 through 8

           2           4           8          16          32          64         128         256

  Columns 9 through 11

         512        1024        2048


s =

   39.5000


s2 =

   39.5000


s3 =

   39.5000


v =

  Columns 1 through 10

         0    0.2000    0.4000    0.6000    0.8000    1.0000    1.2000    1.4000    1.6000    1.8000

  Columns 11 through 20

    2.0000    2.2000    2.4000    2.6000    2.8000    3.0000    3.2000    3.4000    3.6000    3.8000

  Columns 21 through 30

    4.0000    4.2000    4.4000    4.6000    4.8000    5.0000    5.2000    5.4000    5.6000    5.8000

  Columns 31 through 40

    6.0000    6.2000    6.4000    6.6000    6.8000    7.0000    7.2000    7.4000    7.6000    7.8000

  Columns 41 through 50

    8.0000    8.2000    8.4000    8.6000    8.8000    9.0000    9.2000    9.4000    9.6000    9.8000

  Columns 51 through 60

   10.0000   10.2000   10.4000   10.6000   10.8000   11.0000   11.2000   11.4000   11.6000   11.8000

  Column 61

   12.0000


m =

  Columns 1 through 10

         0    0.1987    0.3894    0.5646    0.7174    0.8415    0.9320    0.9854    0.9996    0.9738
    1.0000    0.9801    0.9211    0.8253    0.6967    0.5403    0.3624    0.1700   -0.0292   -0.2272

  Columns 11 through 20

    0.9093    0.8085    0.6755    0.5155    0.3350    0.1411   -0.0584   -0.2555   -0.4425   -0.6119
   -0.4161   -0.5885   -0.7374   -0.8569   -0.9422   -0.9900   -0.9983   -0.9668   -0.8968   -0.7910

  Columns 21 through 30

   -0.7568   -0.8716   -0.9516   -0.9937   -0.9962   -0.9589   -0.8835   -0.7728   -0.6313   -0.4646
   -0.6536   -0.4903   -0.3073   -0.1122    0.0875    0.2837    0.4685    0.6347    0.7756    0.8855

  Columns 31 through 40

   -0.2794   -0.0831    0.1165    0.3115    0.4941    0.6570    0.7937    0.8987    0.9679    0.9985
    0.9602    0.9965    0.9932    0.9502    0.8694    0.7539    0.6084    0.4385    0.2513    0.0540

  Columns 41 through 50

    0.9894    0.9407    0.8546    0.7344    0.5849    0.4121    0.2229    0.0248   -0.1743   -0.3665
   -0.1455   -0.3392   -0.5193   -0.6787   -0.8111   -0.9111   -0.9748   -0.9997   -0.9847   -0.9304

  Columns 51 through 60

   -0.5440   -0.6999   -0.8278   -0.9228   -0.9809   -1.0000   -0.9792   -0.9193   -0.8228   -0.6935
   -0.8391   -0.7143   -0.5610   -0.3853   -0.1943    0.0044    0.2030    0.3935    0.5683    0.7204

  Column 61

   -0.5366
    0.8439


ans =

     2    61


ans =

     1    61


ans =

         0    1.0000
    0.1987    0.9801
    0.3894    0.9211
    0.5646    0.8253
    0.7174    0.6967
    0.8415    0.5403
    0.9320    0.3624
    0.9854    0.1700
    0.9996   -0.0292
    0.9738   -0.2272


ans =

         0
    0.2000
    0.4000
    0.6000
    0.8000
    1.0000
    1.2000
    1.4000
    1.6000
    1.8000

diary off
